D = [0.15011250017875122, -0.3177014237324834, 0.003058705983791595, 0.0028180417585925784, 0.0]
K = [606.6955294316383, 0.0, 332.3319895295163, 0.0, 605.2075222202428, 246.52450207683984, 0.0, 0.0, 1.0]
R = [1.0, 0.0, 0.0, 0.0, 1.0, 0.0, 0.0, 0.0, 1.0]
P = [617.1731567382812, 0.0, 333.9484009334956, 0.0, 0.0, 616.8298950195312, 247.5806663381827, 0.0, 0.0, 0.0, 1.0, 0.0]
# oST version 5.0 parameters


[image]

width
640

height
480

[narrow_stereo]

camera matrix
606.695529 0.000000 332.331990
0.000000 605.207522 246.524502
0.000000 0.000000 1.000000

distortion
0.150113 -0.317701 0.003059 0.002818 0.000000

rectification
1.000000 0.000000 0.000000
0.000000 1.000000 0.000000
0.000000 0.000000 1.000000

projection
617.173157 0.000000 333.948401 0.000000
0.000000 616.829895 247.580666 0.000000
0.000000 0.000000 1.000000 0.000000
